163600   163600  163600  163600
4357     4357    4357    4357
3966     112     112     112
38       3716    38      38
106      106     792     106
24       2       2       24
15       15      15      15
0        0       0       0
45741    45741   45741   45741
175      175     175     175
15091    55      55      55
244      2372    244     244
0        0       5       0
2        0       0       2
0        0       0       0
0        2       0       0
2        0       0       0
0        0       2       0
0        0       0       0
2        2       2       2